load franke
x=[-1.55E+04
-1.15E+04
-1.08E+04
-9.98E+03
-9.15E+03
-8.27E+03
-7.31E+03
-6.14E+03
-4.32E+03
-5.60E+02
7.91E+03
2.33E+04
4.16E+04
5.45E+04
6.12E+04
6.47E+04
6.69E+04
6.85E+04
6.99E+04
7.11E+04
-1.55E+04
-1.15E+04
-1.08E+04
-9.98E+03
-9.15E+03
-8.27E+03
-7.35E+03
-6.38E+03
-5.29E+03
-3.98E+03
-2.16E+03
6.32E+02
5.14E+03
1.20E+04
2.13E+04
3.23E+04
4.33E+04
5.25E+04
5.95E+04
6.44E+04
-1.55E+04
-1.22E+04
-1.15E+04
-1.08E+04
-9.98E+03
-9.15E+03
-8.27E+03
-7.35E+03
-6.39E+03
-5.34E+03
-4.12E+03
-2.55E+03
-3.14E+02
3.09E+03
8.22E+03
1.54E+04
2.45E+04
3.46E+04
4.44E+04
5.29E+04
5.95E+04
-1.55E+04
-1.41E+04
-1.15E+04
-1.08E+04
-9.98E+03
-9.15E+03
-8.27E+03
-7.35E+03
-6.39E+03
-5.36E+03
-4.18E+03
-2.72E+03
-7.21E+02
2.21E+03
6.55E+03
1.26E+04
2.05E+04
2.97E+04
3.93E+04
4.82E+04
5.56E+04
-1.55E+04
-1.41E+04
-1.15E+04
-1.08E+04
-9.98E+03
-9.15E+03
-8.27E+03
-7.35E+03
-6.39E+03
-5.37E+03
-4.21E+03
-2.82E+03
-9.60E+02
1.69E+03
5.56E+03
1.10E+04
1.81E+04
2.66E+04
3.57E+04
4.46E+04
5.25E+04
-1.55E+04
-1.41E+04
-1.15E+04
-1.08E+04
-9.98E+03
-9.15E+03
-8.27E+03
-7.35E+03
-6.40E+03
-5.37E+03
-4.24E+03
-2.88E+03
-1.12E+03
1.34E+03
4.89E+03
9.85E+03
1.64E+04
2.43E+04
3.30E+04
4.18E+04
4.98E+04
-1.55E+04
-1.41E+04
-1.15E+04
-1.08E+04
-9.98E+03
-9.15E+03
-8.27E+03
-7.36E+03
-6.40E+03
-5.38E+03
-4.26E+03
-2.93E+03
-1.24E+03
1.09E+03
4.40E+03
9.01E+03
1.51E+04
2.25E+04
3.09E+04
3.95E+04
4.76E+04
-1.55E+04
-1.41E+04
-1.15E+04
-1.08E+04
-9.98E+03
-9.15E+03
-8.27E+03
-7.36E+03
-6.40E+03
-5.39E+03
-4.27E+03
-2.97E+03
-1.33E+03
8.93E+02
4.02E+03
8.36E+03
1.41E+04
2.11E+04
2.92E+04
3.76E+04
4.57E+04
-1.55E+04
-1.41E+04
-1.15E+04
-1.08E+04
-9.98E+03
-9.15E+03
-8.27E+03
-7.36E+03
-6.40E+03
-5.39E+03
-4.28E+03
-3.00E+03
-1.40E+03
7.37E+02
3.72E+03
7.83E+03
1.33E+04
2.00E+04
2.77E+04
3.60E+04
4.40E+04
-1.55E+04
-1.41E+04
-1.15E+04
-1.08E+04
-9.98E+03
-9.15E+03
-8.27E+03
-7.36E+03
-6.40E+03
-5.39E+03
-4.29E+03
-3.03E+03
-1.46E+03
6.09E+02
3.47E+03
7.40E+03
1.26E+04
1.90E+04
2.65E+04
3.46E+04
4.26E+04
-1.55E+04
-1.41E+04
-1.15E+04
-1.08E+04
-9.98E+03
-9.15E+03
-8.27E+03
-7.36E+03
-6.40E+03
-5.39E+03
-4.30E+03
-3.05E+03
-1.51E+03
5.01E+02
3.26E+03
7.04E+03
1.20E+04
1.82E+04
2.55E+04
3.33E+04
4.13E+04
-1.55E+04
-1.41E+04
-1.15E+04
-1.08E+04
-9.98E+03
-9.15E+03
-8.27E+03
-7.36E+03
-6.40E+03
-5.40E+03
-4.31E+03
-3.07E+03
-1.56E+03
4.08E+02
3.08E+03
6.72E+03
1.15E+04
1.75E+04
2.45E+04
3.22E+04
4.01E+04
-1.55E+04
-1.41E+04
-1.15E+04
-1.08E+04
-9.98E+03
-9.15E+03
-8.27E+03
-7.36E+03
-6.40E+03
-5.40E+03
-4.31E+03
-3.08E+03
-1.59E+03
3.28E+02
2.92E+03
6.45E+03
1.11E+04
1.69E+04
2.37E+04
3.13E+04
3.90E+04
-1.55E+04
-1.41E+04
-1.15E+04
-1.08E+04
-9.98E+03
-9.15E+03
-8.27E+03
-7.36E+03
-6.40E+03
-5.40E+03
-4.32E+03
-3.10E+03
-1.63E+03
2.57E+02
2.79E+03
6.21E+03
1.07E+04
1.64E+04
2.30E+04
3.04E+04
3.80E+04
-1.55E+04
-1.41E+04
-1.15E+04
-1.08E+04
-9.98E+03
-9.15E+03
-8.27E+03
-7.36E+03
-6.40E+03
-5.40E+03
-4.32E+03
-3.11E+03
-1.66E+03
1.95E+02
2.66E+03
6.00E+03
1.04E+04
1.59E+04
2.24E+04
2.96E+04
3.71E+04
-1.55E+04
-1.41E+04
-1.15E+04
-1.08E+04
-9.98E+03
-9.15E+03
-8.27E+03
-7.36E+03
-6.40E+03
-5.40E+03
-4.33E+03
-3.12E+03
-1.68E+03
1.39E+02
2.56E+03
5.81E+03
1.01E+04
1.54E+04
2.18E+04
2.89E+04
3.63E+04
-1.55E+04
-1.41E+04
-1.15E+04
-1.08E+04
-9.98E+03
-9.15E+03
-8.27E+03
-7.36E+03
-6.40E+03
-5.40E+03
-4.33E+03
-3.13E+03
-1.71E+03
8.83E+01
2.46E+03
5.63E+03
9.79E+03
1.50E+04
2.12E+04
2.82E+04
3.56E+04
-1.55E+04
-1.41E+04
-1.15E+04
-1.08E+04
-9.98E+03
-9.15E+03
-8.27E+03
-7.36E+03
-6.40E+03
-5.41E+03
-4.34E+03
-3.14E+03
-1.73E+03
4.25E+01
2.37E+03
5.48E+03
9.54E+03
1.46E+04
2.07E+04
2.76E+04
3.48E+04
-1.55E+04
-1.41E+04
-1.15E+04
-1.08E+04
-9.98E+03
-9.15E+03
-8.27E+03
-7.36E+03
-6.40E+03
-5.41E+03
-4.34E+03
-3.15E+03
-1.75E+03
6.46E-01
2.29E+03
5.33E+03
9.31E+03
1.43E+04
2.03E+04
2.70E+04
3.42E+04
];
y=[5.86E+00
1.82E+01
1.91E+01
1.98E+01
2.04E+01
2.10E+01
2.15E+01
2.21E+01
2.29E+01
2.43E+01
2.73E+01
3.23E+01
3.78E+01
4.14E+01
4.32E+01
4.41E+01
4.46E+01
4.49E+01
4.52E+01
4.54E+01
4.85E+00
1.55E+01
1.64E+01
1.71E+01
1.77E+01
1.83E+01
1.88E+01
1.93E+01
1.97E+01
2.02E+01
2.09E+01
2.18E+01
2.31E+01
2.51E+01
2.75E+01
3.02E+01
3.27E+01
3.48E+01
3.62E+01
3.72E+01
4.68E+00
1.38E+01
1.50E+01
1.59E+01
1.66E+01
1.73E+01
1.78E+01
1.83E+01
1.88E+01
1.92E+01
1.97E+01
2.03E+01
2.10E+01
2.20E+01
2.35E+01
2.53E+01
2.75E+01
2.99E+01
3.20E+01
3.38E+01
3.51E+01
4.58E+00
8.95E+00
1.47E+01
1.56E+01
1.64E+01
1.70E+01
1.75E+01
1.80E+01
1.85E+01
1.90E+01
1.94E+01
1.99E+01
2.06E+01
2.15E+01
2.27E+01
2.43E+01
2.62E+01
2.83E+01
3.04E+01
3.23E+01
3.37E+01
4.51E+00
8.88E+00
1.45E+01
1.54E+01
1.62E+01
1.68E+01
1.73E+01
1.79E+01
1.83E+01
1.88E+01
1.92E+01
1.97E+01
2.03E+01
2.11E+01
2.22E+01
2.36E+01
2.53E+01
2.73E+01
2.93E+01
3.11E+01
3.27E+01
4.45E+00
8.82E+00
1.44E+01
1.53E+01
1.60E+01
1.66E+01
1.72E+01
1.77E+01
1.82E+01
1.86E+01
1.90E+01
1.95E+01
2.01E+01
2.08E+01
2.18E+01
2.31E+01
2.47E+01
2.65E+01
2.85E+01
3.03E+01
3.19E+01
4.40E+00
8.77E+00
1.43E+01
1.52E+01
1.59E+01
1.65E+01
1.71E+01
1.76E+01
1.80E+01
1.85E+01
1.89E+01
1.94E+01
1.99E+01
2.06E+01
2.16E+01
2.28E+01
2.42E+01
2.60E+01
2.78E+01
2.96E+01
3.12E+01
4.36E+00
8.73E+00
1.42E+01
1.50E+01
1.58E+01
1.64E+01
1.70E+01
1.75E+01
1.79E+01
1.84E+01
1.88E+01
1.93E+01
1.98E+01
2.05E+01
2.13E+01
2.25E+01
2.39E+01
2.55E+01
2.73E+01
2.90E+01
3.06E+01
4.33E+00
8.70E+00
1.41E+01
1.50E+01
1.57E+01
1.63E+01
1.69E+01
1.74E+01
1.78E+01
1.83E+01
1.87E+01
1.92E+01
1.97E+01
2.03E+01
2.11E+01
2.22E+01
2.36E+01
2.51E+01
2.68E+01
2.85E+01
3.01E+01
4.30E+00
8.67E+00
1.40E+01
1.49E+01
1.56E+01
1.62E+01
1.68E+01
1.73E+01
1.78E+01
1.82E+01
1.86E+01
1.91E+01
1.96E+01
2.02E+01
2.10E+01
2.20E+01
2.33E+01
2.48E+01
2.64E+01
2.81E+01
2.97E+01
4.27E+00
8.64E+00
1.39E+01
1.48E+01
1.55E+01
1.62E+01
1.67E+01
1.72E+01
1.77E+01
1.81E+01
1.85E+01
1.90E+01
1.95E+01
2.01E+01
2.09E+01
2.18E+01
2.31E+01
2.45E+01
2.61E+01
2.77E+01
2.93E+01
4.25E+00
8.62E+00
1.38E+01
1.47E+01
1.55E+01
1.61E+01
1.67E+01
1.72E+01
1.76E+01
1.81E+01
1.85E+01
1.89E+01
1.94E+01
2.00E+01
2.07E+01
2.17E+01
2.29E+01
2.43E+01
2.58E+01
2.74E+01
2.89E+01
4.23E+00
8.60E+00
1.38E+01
1.47E+01
1.54E+01
1.60E+01
1.66E+01
1.71E+01
1.76E+01
1.80E+01
1.84E+01
1.88E+01
1.93E+01
1.99E+01
2.06E+01
2.16E+01
2.27E+01
2.40E+01
2.55E+01
2.71E+01
2.86E+01
4.21E+00
8.58E+00
1.37E+01
1.46E+01
1.54E+01
1.60E+01
1.65E+01
1.70E+01
1.75E+01
1.79E+01
1.84E+01
1.88E+01
1.93E+01
1.98E+01
2.05E+01
2.14E+01
2.25E+01
2.38E+01
2.53E+01
2.68E+01
2.83E+01
4.19E+00
8.56E+00
1.37E+01
1.46E+01
1.53E+01
1.59E+01
1.65E+01
1.70E+01
1.75E+01
1.79E+01
1.83E+01
1.87E+01
1.92E+01
1.98E+01
2.04E+01
2.13E+01
2.24E+01
2.37E+01
2.51E+01
2.66E+01
2.81E+01
4.17E+00
8.54E+00
1.36E+01
1.45E+01
1.53E+01
1.59E+01
1.64E+01
1.69E+01
1.74E+01
1.78E+01
1.83E+01
1.87E+01
1.91E+01
1.97E+01
2.04E+01
2.12E+01
2.23E+01
2.35E+01
2.49E+01
2.64E+01
2.78E+01
4.15E+00
8.52E+00
1.36E+01
1.45E+01
1.52E+01
1.58E+01
1.64E+01
1.69E+01
1.74E+01
1.78E+01
1.82E+01
1.86E+01
1.91E+01
1.96E+01
2.03E+01
2.11E+01
2.21E+01
2.34E+01
2.47E+01
2.62E+01
2.76E+01
4.14E+00
8.51E+00
1.35E+01
1.44E+01
1.52E+01
1.58E+01
1.64E+01
1.69E+01
1.73E+01
1.77E+01
1.82E+01
1.86E+01
1.90E+01
1.96E+01
2.02E+01
2.10E+01
2.20E+01
2.32E+01
2.45E+01
2.60E+01
2.74E+01
4.12E+00
8.49E+00
1.35E+01
1.44E+01
1.51E+01
1.58E+01
1.63E+01
1.68E+01
1.73E+01
1.77E+01
1.81E+01
1.85E+01
1.90E+01
1.95E+01
2.02E+01
2.10E+01
2.19E+01
2.31E+01
2.44E+01
2.58E+01
2.72E+01
];
z=[2.39E+02
7.96E+02
9.19E+02
1.02E+03
1.12E+03
1.20E+03
1.27E+03
1.34E+03
1.40E+03
1.50E+03
1.69E+03
2.01E+03
2.37E+03
2.66E+03
2.90E+03
3.14E+03
3.38E+03
3.59E+03
3.75E+03
3.89E+03
2.39E+02
7.96E+02
9.19E+02
1.02E+03
1.12E+03
1.20E+03
1.28E+03
1.35E+03
1.42E+03
1.48E+03
1.55E+03
1.63E+03
1.76E+03
1.93E+03
2.16E+03
2.42E+03
2.69E+03
2.93E+03
3.15E+03
3.35E+03
2.39E+02
6.44E+02
7.96E+02
9.19E+02
1.02E+03
1.12E+03
1.20E+03
1.28E+03
1.35E+03
1.42E+03
1.48E+03
1.55E+03
1.62E+03
1.72E+03
1.86E+03
2.05E+03
2.28E+03
2.52E+03
2.77E+03
3.01E+03
3.22E+03
2.39E+02
3.47E+02
7.96E+02
9.19E+02
1.02E+03
1.12E+03
1.20E+03
1.28E+03
1.35E+03
1.42E+03
1.48E+03
1.55E+03
1.62E+03
1.71E+03
1.83E+03
2.00E+03
2.20E+03
2.43E+03
2.68E+03
2.91E+03
3.13E+03
2.39E+02
3.47E+02
7.96E+02
9.19E+02
1.02E+03
1.12E+03
1.20E+03
1.28E+03
1.36E+03
1.42E+03
1.49E+03
1.55E+03
1.62E+03
1.70E+03
1.82E+03
1.97E+03
2.15E+03
2.37E+03
2.61E+03
2.84E+03
3.06E+03
2.39E+02
3.47E+02
7.96E+02
9.19E+02
1.02E+03
1.12E+03
1.20E+03
1.28E+03
1.36E+03
1.42E+03
1.49E+03
1.55E+03
1.61E+03
1.70E+03
1.80E+03
1.94E+03
2.12E+03
2.33E+03
2.55E+03
2.78E+03
3.01E+03
2.39E+02
3.47E+02
7.96E+02
9.19E+02
1.02E+03
1.12E+03
1.20E+03
1.28E+03
1.36E+03
1.42E+03
1.49E+03
1.55E+03
1.61E+03
1.69E+03
1.79E+03
1.93E+03
2.09E+03
2.29E+03
2.51E+03
2.74E+03
2.96E+03
2.39E+02
3.47E+02
7.96E+02
9.19E+02
1.02E+03
1.12E+03
1.20E+03
1.28E+03
1.36E+03
1.42E+03
1.49E+03
1.55E+03
1.61E+03
1.69E+03
1.79E+03
1.91E+03
2.07E+03
2.26E+03
2.48E+03
2.70E+03
2.92E+03
2.39E+02
3.47E+02
7.96E+02
9.19E+02
1.02E+03
1.12E+03
1.20E+03
1.28E+03
1.36E+03
1.42E+03
1.49E+03
1.55E+03
1.61E+03
1.69E+03
1.78E+03
1.90E+03
2.06E+03
2.24E+03
2.45E+03
2.67E+03
2.89E+03
2.39E+02
3.47E+02
7.96E+02
9.19E+02
1.02E+03
1.12E+03
1.20E+03
1.28E+03
1.36E+03
1.42E+03
1.49E+03
1.55E+03
1.61E+03
1.69E+03
1.78E+03
1.90E+03
2.04E+03
2.22E+03
2.42E+03
2.64E+03
2.86E+03
2.39E+02
3.47E+02
7.96E+02
9.19E+02
1.02E+03
1.12E+03
1.20E+03
1.28E+03
1.36E+03
1.42E+03
1.49E+03
1.55E+03
1.61E+03
1.69E+03
1.78E+03
1.89E+03
2.03E+03
2.20E+03
2.40E+03
2.61E+03
2.83E+03
2.39E+02
3.47E+02
7.96E+02
9.19E+02
1.02E+03
1.12E+03
1.20E+03
1.28E+03
1.36E+03
1.42E+03
1.49E+03
1.55E+03
1.61E+03
1.68E+03
1.77E+03
1.88E+03
2.02E+03
2.19E+03
2.38E+03
2.59E+03
2.81E+03
2.39E+02
3.47E+02
7.96E+02
9.19E+02
1.02E+03
1.12E+03
1.20E+03
1.28E+03
1.36E+03
1.43E+03
1.49E+03
1.55E+03
1.61E+03
1.68E+03
1.77E+03
1.88E+03
2.01E+03
2.18E+03
2.36E+03
2.57E+03
2.78E+03
2.39E+02
3.47E+02
7.96E+02
9.19E+02
1.02E+03
1.12E+03
1.20E+03
1.28E+03
1.36E+03
1.43E+03
1.49E+03
1.55E+03
1.61E+03
1.68E+03
1.77E+03
1.87E+03
2.01E+03
2.16E+03
2.35E+03
2.55E+03
2.76E+03
2.39E+02
3.47E+02
7.96E+02
9.19E+02
1.02E+03
1.12E+03
1.20E+03
1.28E+03
1.36E+03
1.43E+03
1.49E+03
1.55E+03
1.61E+03
1.68E+03
1.77E+03
1.87E+03
2.00E+03
2.15E+03
2.33E+03
2.53E+03
2.74E+03
2.39E+02
3.47E+02
7.96E+02
9.19E+02
1.02E+03
1.12E+03
1.20E+03
1.28E+03
1.36E+03
1.43E+03
1.49E+03
1.55E+03
1.61E+03
1.68E+03
1.76E+03
1.87E+03
1.99E+03
2.15E+03
2.32E+03
2.52E+03
2.73E+03
2.39E+02
3.47E+02
7.96E+02
9.19E+02
1.02E+03
1.12E+03
1.20E+03
1.28E+03
1.36E+03
1.43E+03
1.49E+03
1.55E+03
1.61E+03
1.68E+03
1.76E+03
1.86E+03
1.99E+03
2.14E+03
2.31E+03
2.50E+03
2.71E+03
2.39E+02
3.47E+02
7.96E+02
9.19E+02
1.02E+03
1.12E+03
1.20E+03
1.28E+03
1.36E+03
1.43E+03
1.49E+03
1.55E+03
1.61E+03
1.68E+03
1.76E+03
1.86E+03
1.98E+03
2.13E+03
2.30E+03
2.49E+03
2.70E+03
2.39E+02
3.47E+02
7.96E+02
9.19E+02
1.02E+03
1.12E+03
1.20E+03
1.28E+03
1.36E+03
1.43E+03
1.49E+03
1.55E+03
1.61E+03
1.68E+03
1.76E+03
1.86E+03
1.98E+03
2.12E+03
2.29E+03
2.48E+03
2.68E+03
];
zz=[1.99E-01
2.11E-02
1.55E-02
1.23E-02
1.02E-02
8.67E-03
7.55E-03
6.65E-03
5.85E-03
4.99E-03
3.91E-03
2.82E-03
2.06E-03
1.68E-03
1.48E-03
1.36E-03
1.27E-03
1.20E-03
1.14E-03
1.08E-03
1.02E+01
1.07E+00
7.91E-01
6.26E-01
5.18E-01
4.42E-01
3.85E-01
3.41E-01
3.06E-01
2.75E-01
2.47E-01
2.19E-01
1.88E-01
1.57E-01
1.27E-01
1.02E-01
8.46E-02
7.25E-02
6.45E-02
5.89E-02
2.01E+01
3.31E+00
2.13E+00
1.57E+00
1.24E+00
1.03E+00
8.76E-01
7.63E-01
6.76E-01
6.06E-01
5.47E-01
4.94E-01
4.43E-01
3.90E-01
3.34E-01
2.78E-01
2.29E-01
1.88E-01
1.59E-01
1.38E-01
1.23E-01
3.01E+01
1.34E+01
3.18E+00
2.34E+00
1.85E+00
1.54E+00
1.31E+00
1.14E+00
1.01E+00
9.07E-01
8.19E-01
7.42E-01
6.69E-01
5.94E-01
5.17E-01
4.38E-01
3.65E-01
3.02E-01
2.54E-01
2.18E-01
1.92E-01
4.00E+01
1.78E+01
4.23E+00
3.12E+00
2.47E+00
2.04E+00
1.74E+00
1.52E+00
1.35E+00
1.21E+00
1.09E+00
9.89E-01
8.95E-01
8.00E-01
7.02E-01
6.02E-01
5.07E-01
4.23E-01
3.55E-01
3.03E-01
2.66E-01
5.00E+01
2.22E+01
5.29E+00
3.89E+00
3.08E+00
2.55E+00
2.18E+00
1.90E+00
1.68E+00
1.51E+00
1.36E+00
1.24E+00
1.12E+00
1.01E+00
8.90E-01
7.69E-01
6.53E-01
5.48E-01
4.61E-01
3.93E-01
3.42E-01
6.00E+01
2.66E+01
6.34E+00
4.67E+00
3.70E+00
3.06E+00
2.61E+00
2.28E+00
2.02E+00
1.81E+00
1.64E+00
1.49E+00
1.35E+00
1.22E+00
1.08E+00
9.38E-01
8.01E-01
6.76E-01
5.70E-01
4.86E-01
4.22E-01
6.99E+01
3.11E+01
7.39E+00
5.45E+00
4.31E+00
3.57E+00
3.04E+00
2.65E+00
2.35E+00
2.11E+00
1.91E+00
1.73E+00
1.58E+00
1.42E+00
1.27E+00
1.11E+00
9.52E-01
8.07E-01
6.83E-01
5.82E-01
5.04E-01
7.99E+01
3.55E+01
8.44E+00
6.22E+00
4.93E+00
4.08E+00
3.48E+00
3.03E+00
2.69E+00
2.41E+00
2.18E+00
1.98E+00
1.80E+00
1.63E+00
1.46E+00
1.28E+00
1.10E+00
9.41E-01
7.98E-01
6.81E-01
5.89E-01
8.98E+01
3.99E+01
9.50E+00
7.00E+00
5.54E+00
4.58E+00
3.91E+00
3.41E+00
3.02E+00
2.71E+00
2.45E+00
2.23E+00
2.03E+00
1.84E+00
1.65E+00
1.45E+00
1.26E+00
1.08E+00
9.15E-01
7.81E-01
6.76E-01
9.98E+01
4.44E+01
1.06E+01
7.77E+00
6.15E+00
5.09E+00
4.34E+00
3.79E+00
3.36E+00
3.01E+00
2.73E+00
2.48E+00
2.26E+00
2.05E+00
1.84E+00
1.63E+00
1.41E+00
1.21E+00
1.03E+00
8.84E-01
7.64E-01
1.10E+02
4.88E+01
1.16E+01
8.55E+00
6.77E+00
5.60E+00
4.78E+00
4.16E+00
3.69E+00
3.31E+00
3.00E+00
2.73E+00
2.49E+00
2.26E+00
2.03E+00
1.80E+00
1.57E+00
1.35E+00
1.15E+00
9.88E-01
8.54E-01
1.20E+02
5.32E+01
1.27E+01
9.33E+00
7.38E+00
6.11E+00
5.21E+00
4.54E+00
4.03E+00
3.61E+00
3.27E+00
2.98E+00
2.72E+00
2.47E+00
2.22E+00
1.98E+00
1.73E+00
1.49E+00
1.28E+00
1.09E+00
9.45E-01
1.30E+02
5.76E+01
1.37E+01
1.01E+01
8.00E+00
6.62E+00
5.64E+00
4.92E+00
4.36E+00
3.91E+00
3.54E+00
3.23E+00
2.94E+00
2.68E+00
2.42E+00
2.15E+00
1.89E+00
1.63E+00
1.40E+00
1.20E+00
1.04E+00
1.40E+02
6.21E+01
1.48E+01
1.09E+01
8.61E+00
7.13E+00
6.08E+00
5.30E+00
4.70E+00
4.21E+00
3.82E+00
3.48E+00
3.17E+00
2.89E+00
2.61E+00
2.33E+00
2.04E+00
1.77E+00
1.52E+00
1.31E+00
1.13E+00
1.50E+02
6.65E+01
1.58E+01
1.17E+01
9.22E+00
7.63E+00
6.51E+00
5.68E+00
5.03E+00
4.51E+00
4.09E+00
3.72E+00
3.40E+00
3.10E+00
2.80E+00
2.50E+00
2.20E+00
1.91E+00
1.65E+00
1.42E+00
1.23E+00
1.60E+02
7.09E+01
1.69E+01
1.24E+01
9.84E+00
8.14E+00
6.95E+00
6.05E+00
5.37E+00
4.81E+00
4.36E+00
3.97E+00
3.63E+00
3.31E+00
2.99E+00
2.68E+00
2.36E+00
2.06E+00
1.78E+00
1.53E+00
1.32E+00
1.70E+02
7.53E+01
1.79E+01
1.32E+01
1.05E+01
8.65E+00
7.38E+00
6.43E+00
5.70E+00
5.12E+00
4.63E+00
4.22E+00
3.86E+00
3.52E+00
3.19E+00
2.86E+00
2.52E+00
2.20E+00
1.90E+00
1.64E+00
1.42E+00
1.79E+02
7.98E+01
1.90E+01
1.40E+01
1.11E+01
9.16E+00
7.81E+00
6.81E+00
6.04E+00
5.42E+00
4.91E+00
4.47E+00
4.09E+00
3.73E+00
3.38E+00
3.03E+00
2.68E+00
2.35E+00
2.03E+00
1.75E+00
1.52E+00
];
zzz=[1.01E-01
1.01E-01
1.01E-01
1.01E-01
1.01E-01
1.01E-01
1.01E-01
1.01E-01
1.01E-01
1.01E-01
1.01E-01
1.01E-01
1.01E-01
1.01E-01
1.01E-01
1.01E-01
1.01E-01
1.01E-01
1.01E-01
1.01E-01
5.17E+00
5.17E+00
5.17E+00
5.17E+00
5.17E+00
5.17E+00
5.17E+00
5.17E+00
5.17E+00
5.17E+00
5.17E+00
5.17E+00
5.17E+00
5.17E+00
5.17E+00
5.17E+00
5.17E+00
5.17E+00
5.17E+00
5.17E+00
1.02E+01
1.02E+01
1.02E+01
1.02E+01
1.02E+01
1.02E+01
1.02E+01
1.02E+01
1.02E+01
1.02E+01
1.02E+01
1.02E+01
1.02E+01
1.02E+01
1.02E+01
1.02E+01
1.02E+01
1.02E+01
1.02E+01
1.02E+01
1.02E+01
1.53E+01
1.53E+01
1.53E+01
1.53E+01
1.53E+01
1.53E+01
1.53E+01
1.53E+01
1.53E+01
1.53E+01
1.53E+01
1.53E+01
1.53E+01
1.53E+01
1.53E+01
1.53E+01
1.53E+01
1.53E+01
1.53E+01
1.53E+01
1.53E+01
2.04E+01
2.04E+01
2.04E+01
2.04E+01
2.04E+01
2.04E+01
2.04E+01
2.04E+01
2.04E+01
2.04E+01
2.04E+01
2.04E+01
2.04E+01
2.04E+01
2.04E+01
2.04E+01
2.04E+01
2.04E+01
2.04E+01
2.04E+01
2.04E+01
2.54E+01
2.54E+01
2.54E+01
2.54E+01
2.54E+01
2.54E+01
2.54E+01
2.54E+01
2.54E+01
2.54E+01
2.54E+01
2.54E+01
2.54E+01
2.54E+01
2.54E+01
2.54E+01
2.54E+01
2.54E+01
2.54E+01
2.54E+01
2.54E+01
3.05E+01
3.05E+01
3.05E+01
3.05E+01
3.05E+01
3.05E+01
3.05E+01
3.05E+01
3.05E+01
3.05E+01
3.05E+01
3.05E+01
3.05E+01
3.05E+01
3.05E+01
3.05E+01
3.05E+01
3.05E+01
3.05E+01
3.05E+01
3.05E+01
3.56E+01
3.56E+01
3.56E+01
3.56E+01
3.56E+01
3.56E+01
3.56E+01
3.56E+01
3.56E+01
3.56E+01
3.56E+01
3.56E+01
3.56E+01
3.56E+01
3.56E+01
3.56E+01
3.56E+01
3.56E+01
3.56E+01
3.56E+01
3.56E+01
4.06E+01
4.06E+01
4.06E+01
4.06E+01
4.06E+01
4.06E+01
4.06E+01
4.06E+01
4.06E+01
4.06E+01
4.06E+01
4.06E+01
4.06E+01
4.06E+01
4.06E+01
4.06E+01
4.06E+01
4.06E+01
4.06E+01
4.06E+01
4.06E+01
4.57E+01
4.57E+01
4.57E+01
4.57E+01
4.57E+01
4.57E+01
4.57E+01
4.57E+01
4.57E+01
4.57E+01
4.57E+01
4.57E+01
4.57E+01
4.57E+01
4.57E+01
4.57E+01
4.57E+01
4.57E+01
4.57E+01
4.57E+01
4.57E+01
5.08E+01
5.08E+01
5.08E+01
5.08E+01
5.08E+01
5.08E+01
5.08E+01
5.08E+01
5.08E+01
5.08E+01
5.08E+01
5.08E+01
5.08E+01
5.08E+01
5.08E+01
5.08E+01
5.08E+01
5.08E+01
5.08E+01
5.08E+01
5.08E+01
5.58E+01
5.58E+01
5.58E+01
5.58E+01
5.58E+01
5.58E+01
5.58E+01
5.58E+01
5.58E+01
5.58E+01
5.58E+01
5.58E+01
5.58E+01
5.58E+01
5.58E+01
5.58E+01
5.58E+01
5.58E+01
5.58E+01
5.58E+01
5.58E+01
6.09E+01
6.09E+01
6.09E+01
6.09E+01
6.09E+01
6.09E+01
6.09E+01
6.09E+01
6.09E+01
6.09E+01
6.09E+01
6.09E+01
6.09E+01
6.09E+01
6.09E+01
6.09E+01
6.09E+01
6.09E+01
6.09E+01
6.09E+01
6.09E+01
6.60E+01
6.60E+01
6.60E+01
6.60E+01
6.60E+01
6.60E+01
6.60E+01
6.60E+01
6.60E+01
6.60E+01
6.60E+01
6.60E+01
6.60E+01
6.60E+01
6.60E+01
6.60E+01
6.60E+01
6.60E+01
6.60E+01
6.60E+01
6.60E+01
7.10E+01
7.10E+01
7.10E+01
7.10E+01
7.10E+01
7.10E+01
7.10E+01
7.10E+01
7.10E+01
7.10E+01
7.10E+01
7.10E+01
7.10E+01
7.10E+01
7.10E+01
7.10E+01
7.10E+01
7.10E+01
7.10E+01
7.10E+01
7.10E+01
7.61E+01
7.61E+01
7.61E+01
7.61E+01
7.61E+01
7.61E+01
7.61E+01
7.61E+01
7.61E+01
7.61E+01
7.61E+01
7.61E+01
7.61E+01
7.61E+01
7.61E+01
7.61E+01
7.61E+01
7.61E+01
7.61E+01
7.61E+01
7.61E+01
8.12E+01
8.12E+01
8.12E+01
8.12E+01
8.12E+01
8.12E+01
8.12E+01
8.12E+01
8.12E+01
8.12E+01
8.12E+01
8.12E+01
8.12E+01
8.12E+01
8.12E+01
8.12E+01
8.12E+01
8.12E+01
8.12E+01
8.12E+01
8.12E+01
8.62E+01
8.62E+01
8.62E+01
8.62E+01
8.62E+01
8.62E+01
8.62E+01
8.62E+01
8.62E+01
8.62E+01
8.62E+01
8.62E+01
8.62E+01
8.62E+01
8.62E+01
8.62E+01
8.62E+01
8.62E+01
8.62E+01
8.62E+01
8.62E+01
9.13E+01
9.13E+01
9.13E+01
9.13E+01
9.13E+01
9.13E+01
9.13E+01
9.13E+01
9.13E+01
9.13E+01
9.13E+01
9.13E+01
9.13E+01
9.13E+01
9.13E+01
9.13E+01
9.13E+01
9.13E+01
9.13E+01
9.13E+01
9.13E+01
];


hh=[-1.55E+04
-1.15E+04
-1.08E+04
-9.98E+03
-9.15E+03
-8.27E+03
-7.34E+03
-6.33E+03
-5.10E+03
-3.35E+03
-3.56E+02
5.14E+03
1.44E+04
2.73E+04
4.11E+04
5.23E+04
5.98E+04
6.45E+04
6.76E+04
6.97E+04
-1.55E+04
-1.15E+04
-1.08E+04
-9.98E+03
-9.15E+03
-8.27E+03
-7.35E+03
-6.38E+03
-5.30E+03
-3.99E+03
-2.21E+03
5.09E+02
4.87E+03
1.15E+04
2.06E+04
3.14E+04
4.23E+04
5.17E+04
5.89E+04
6.40E+04
-1.55E+04
-1.22E+04
-1.15E+04
-1.08E+04
-9.98E+03
-9.15E+03
-8.27E+03
-7.35E+03
-6.39E+03
-5.34E+03
-4.11E+03
-2.54E+03
-3.03E+02
3.12E+03
8.27E+03
1.55E+04
2.46E+04
3.47E+04
4.45E+04
5.30E+04
5.96E+04
-1.55E+04
-1.41E+04
-1.15E+04
-1.08E+04
-9.98E+03
-9.15E+03
-8.27E+03
-7.35E+03
-6.39E+03
-5.35E+03
-4.17E+03
-2.70E+03
-6.84E+02
2.29E+03
6.70E+03
1.29E+04
2.09E+04
3.02E+04
3.98E+04
4.87E+04
5.60E+04
-1.55E+04
-1.41E+04
-1.15E+04
-1.08E+04
-9.98E+03
-9.15E+03
-8.27E+03
-7.35E+03
-6.39E+03
-5.36E+03
-4.21E+03
-2.80E+03
-9.16E+02
1.79E+03
5.74E+03
1.13E+04
1.85E+04
2.72E+04
3.64E+04
4.53E+04
5.31E+04
-1.55E+04
-1.41E+04
-1.15E+04
-1.08E+04
-9.98E+03
-9.15E+03
-8.27E+03
-7.35E+03
-6.40E+03
-5.37E+03
-4.23E+03
-2.86E+03
-1.08E+03
1.44E+03
5.08E+03
1.02E+04
1.69E+04
2.49E+04
3.38E+04
4.26E+04
5.06E+04
-1.55E+04
-1.41E+04
-1.15E+04
-1.08E+04
-9.98E+03
-9.15E+03
-8.27E+03
-7.35E+03
-6.40E+03
-5.38E+03
-4.25E+03
-2.91E+03
-1.19E+03
1.19E+03
4.59E+03
9.34E+03
1.56E+04
2.32E+04
3.17E+04
4.04E+04
4.85E+04
-1.55E+04
-1.41E+04
-1.15E+04
-1.08E+04
-9.98E+03
-9.15E+03
-8.27E+03
-7.36E+03
-6.40E+03
-5.38E+03
-4.26E+03
-2.95E+03
-1.28E+03
9.89E+02
4.20E+03
8.68E+03
1.46E+04
2.18E+04
3.00E+04
3.86E+04
4.67E+04
-1.55E+04
-1.41E+04
-1.15E+04
-1.08E+04
-9.98E+03
-9.15E+03
-8.27E+03
-7.36E+03
-6.40E+03
-5.39E+03
-4.28E+03
-2.98E+03
-1.36E+03
8.30E+02
3.90E+03
8.15E+03
1.38E+04
2.07E+04
2.86E+04
3.70E+04
4.51E+04
-1.55E+04
-1.41E+04
-1.15E+04
-1.08E+04
-9.98E+03
-9.15E+03
-8.27E+03
-7.36E+03
-6.40E+03
-5.39E+03
-4.29E+03
-3.01E+03
-1.42E+03
6.99E+02
3.64E+03
7.71E+03
1.31E+04
1.97E+04
2.74E+04
3.56E+04
4.36E+04
-1.55E+04
-1.41E+04
-1.15E+04
-1.08E+04
-9.98E+03
-9.15E+03
-8.27E+03
-7.36E+03
-6.40E+03
-5.39E+03
-4.29E+03
-3.03E+03
-1.47E+03
5.88E+02
3.43E+03
7.33E+03
1.25E+04
1.89E+04
2.63E+04
3.43E+04
4.23E+04
-1.55E+04
-1.41E+04
-1.15E+04
-1.08E+04
-9.98E+03
-9.15E+03
-8.27E+03
-7.36E+03
-6.40E+03
-5.39E+03
-4.30E+03
-3.05E+03
-1.52E+03
4.93E+02
3.24E+03
7.01E+03
1.20E+04
1.82E+04
2.54E+04
3.32E+04
4.12E+04
-1.55E+04
-1.41E+04
-1.15E+04
-1.08E+04
-9.98E+03
-9.15E+03
-8.27E+03
-7.36E+03
-6.40E+03
-5.40E+03
-4.31E+03
-3.07E+03
-1.56E+03
4.10E+02
3.08E+03
6.73E+03
1.15E+04
1.75E+04
2.46E+04
3.23E+04
4.01E+04
-1.55E+04
-1.41E+04
-1.15E+04
-1.08E+04
-9.98E+03
-9.15E+03
-8.27E+03
-7.36E+03
-6.40E+03
-5.40E+03
-4.31E+03
-3.08E+03
-1.59E+03
3.37E+02
2.94E+03
6.48E+03
1.11E+04
1.70E+04
2.38E+04
3.14E+04
3.91E+04
-1.55E+04
-1.41E+04
-1.15E+04
-1.08E+04
-9.98E+03
-9.15E+03
-8.27E+03
-7.36E+03
-6.40E+03
-5.40E+03
-4.32E+03
-3.09E+03
-1.62E+03
2.72E+02
2.81E+03
6.26E+03
1.08E+04
1.65E+04
2.32E+04
3.06E+04
3.82E+04
-1.55E+04
-1.41E+04
-1.15E+04
-1.08E+04
-9.98E+03
-9.15E+03
-8.27E+03
-7.36E+03
-6.40E+03
-5.40E+03
-4.32E+03
-3.11E+03
-1.65E+03
2.14E+02
2.70E+03
6.06E+03
1.05E+04
1.60E+04
2.26E+04
2.98E+04
3.74E+04
-1.55E+04
-1.41E+04
-1.15E+04
-1.08E+04
-9.98E+03
-9.15E+03
-8.27E+03
-7.36E+03
-6.40E+03
-5.40E+03
-4.33E+03
-3.12E+03
-1.67E+03
1.62E+02
2.60E+03
5.88E+03
1.02E+04
1.56E+04
2.20E+04
2.92E+04
3.67E+04
-1.55E+04
-1.41E+04
-1.15E+04
-1.08E+04
-9.98E+03
-9.15E+03
-8.27E+03
-7.36E+03
-6.40E+03
-5.40E+03
-4.33E+03
-3.13E+03
-1.69E+03
1.14E+02
2.51E+03
5.72E+03
9.93E+03
1.52E+04
2.15E+04
2.85E+04
3.59E+04
-1.55E+04
-1.41E+04
-1.15E+04
-1.08E+04
-9.98E+03
-9.15E+03
-8.27E+03
-7.36E+03
-6.40E+03
-5.40E+03
-4.33E+03
-3.13E+03
-1.71E+03
7.04E+01
2.42E+03
5.57E+03
9.70E+03
1.49E+04
2.10E+04
2.80E+04
3.53E+04
-1.55E+04
-1.41E+04
-1.15E+04
-1.08E+04
-9.98E+03
-9.15E+03
-8.27E+03
-7.36E+03
-6.40E+03
-5.41E+03
-4.34E+03
-3.14E+03
-1.73E+03
3.04E+01
2.35E+03
5.43E+03
9.48E+03
1.46E+04
2.06E+04
2.74E+04
3.47E+04
-1.55E+04
-1.41E+04
-1.15E+04
-1.08E+04
-9.98E+03
-9.15E+03
-8.27E+03
-7.36E+03
-6.40E+03
-5.41E+03
-4.34E+03
-3.15E+03
-1.75E+03
-6.50E+00
2.27E+03
5.31E+03
9.28E+03
1.43E+04
2.02E+04
2.69E+04
3.41E+04
-1.55E+04
-1.41E+04
-1.15E+04
-1.08E+04
-9.98E+03
-9.15E+03
-8.27E+03
-7.36E+03
-6.40E+03
-5.41E+03
-4.34E+03
-3.16E+03
-1.77E+03
-4.07E+01
2.21E+03
5.19E+03
9.09E+03
1.40E+04
1.98E+04
2.64E+04
3.35E+04
-1.55E+04
-1.41E+04
-1.15E+04
-1.08E+04
-9.98E+03
-9.15E+03
-8.27E+03
-7.36E+03
-6.40E+03
-5.41E+03
-4.34E+03
-3.16E+03
-1.78E+03
-7.25E+01
2.15E+03
5.08E+03
8.91E+03
1.37E+04
1.95E+04
2.60E+04
3.30E+04
];
pp=[1.01E+00
1.01E+00
1.01E+00
1.01E+00
1.01E+00
1.01E+00
1.01E+00
1.01E+00
1.01E+00
1.01E+00
1.01E+00
1.01E+00
1.01E+00
1.01E+00
1.01E+00
1.01E+00
1.01E+00
1.01E+00
1.01E+00
1.01E+00
5.57E+00
5.57E+00
5.57E+00
5.57E+00
5.57E+00
5.57E+00
5.57E+00
5.57E+00
5.57E+00
5.57E+00
5.57E+00
5.57E+00
5.57E+00
5.57E+00
5.57E+00
5.57E+00
5.57E+00
5.57E+00
5.57E+00
5.57E+00
1.01E+01
1.01E+01
1.01E+01
1.01E+01
1.01E+01
1.01E+01
1.01E+01
1.01E+01
1.01E+01
1.01E+01
1.01E+01
1.01E+01
1.01E+01
1.01E+01
1.01E+01
1.01E+01
1.01E+01
1.01E+01
1.01E+01
1.01E+01
1.01E+01
1.47E+01
1.47E+01
1.47E+01
1.47E+01
1.47E+01
1.47E+01
1.47E+01
1.47E+01
1.47E+01
1.47E+01
1.47E+01
1.47E+01
1.47E+01
1.47E+01
1.47E+01
1.47E+01
1.47E+01
1.47E+01
1.47E+01
1.47E+01
1.47E+01
1.93E+01
1.93E+01
1.93E+01
1.93E+01
1.93E+01
1.93E+01
1.93E+01
1.93E+01
1.93E+01
1.93E+01
1.93E+01
1.93E+01
1.93E+01
1.93E+01
1.93E+01
1.93E+01
1.93E+01
1.93E+01
1.93E+01
1.93E+01
1.93E+01
2.38E+01
2.38E+01
2.38E+01
2.38E+01
2.38E+01
2.38E+01
2.38E+01
2.38E+01
2.38E+01
2.38E+01
2.38E+01
2.38E+01
2.38E+01
2.38E+01
2.38E+01
2.38E+01
2.38E+01
2.38E+01
2.38E+01
2.38E+01
2.38E+01
2.84E+01
2.84E+01
2.84E+01
2.84E+01
2.84E+01
2.84E+01
2.84E+01
2.84E+01
2.84E+01
2.84E+01
2.84E+01
2.84E+01
2.84E+01
2.84E+01
2.84E+01
2.84E+01
2.84E+01
2.84E+01
2.84E+01
2.84E+01
2.84E+01
3.29E+01
3.29E+01
3.29E+01
3.29E+01
3.29E+01
3.29E+01
3.29E+01
3.29E+01
3.29E+01
3.29E+01
3.29E+01
3.29E+01
3.29E+01
3.29E+01
3.29E+01
3.29E+01
3.29E+01
3.29E+01
3.29E+01
3.29E+01
3.29E+01
3.75E+01
3.75E+01
3.75E+01
3.75E+01
3.75E+01
3.75E+01
3.75E+01
3.75E+01
3.75E+01
3.75E+01
3.75E+01
3.75E+01
3.75E+01
3.75E+01
3.75E+01
3.75E+01
3.75E+01
3.75E+01
3.75E+01
3.75E+01
3.75E+01
4.21E+01
4.21E+01
4.21E+01
4.21E+01
4.21E+01
4.21E+01
4.21E+01
4.21E+01
4.21E+01
4.21E+01
4.21E+01
4.21E+01
4.21E+01
4.21E+01
4.21E+01
4.21E+01
4.21E+01
4.21E+01
4.21E+01
4.21E+01
4.21E+01
4.66E+01
4.66E+01
4.66E+01
4.66E+01
4.66E+01
4.66E+01
4.66E+01
4.66E+01
4.66E+01
4.66E+01
4.66E+01
4.66E+01
4.66E+01
4.66E+01
4.66E+01
4.66E+01
4.66E+01
4.66E+01
4.66E+01
4.66E+01
4.66E+01
5.12E+01
5.12E+01
5.12E+01
5.12E+01
5.12E+01
5.12E+01
5.12E+01
5.12E+01
5.12E+01
5.12E+01
5.12E+01
5.12E+01
5.12E+01
5.12E+01
5.12E+01
5.12E+01
5.12E+01
5.12E+01
5.12E+01
5.12E+01
5.12E+01
5.57E+01
5.57E+01
5.57E+01
5.57E+01
5.57E+01
5.57E+01
5.57E+01
5.57E+01
5.57E+01
5.57E+01
5.57E+01
5.57E+01
5.57E+01
5.57E+01
5.57E+01
5.57E+01
5.57E+01
5.57E+01
5.57E+01
5.57E+01
5.57E+01
6.03E+01
6.03E+01
6.03E+01
6.03E+01
6.03E+01
6.03E+01
6.03E+01
6.03E+01
6.03E+01
6.03E+01
6.03E+01
6.03E+01
6.03E+01
6.03E+01
6.03E+01
6.03E+01
6.03E+01
6.03E+01
6.03E+01
6.03E+01
6.03E+01
6.48E+01
6.48E+01
6.48E+01
6.48E+01
6.48E+01
6.48E+01
6.48E+01
6.48E+01
6.48E+01
6.48E+01
6.48E+01
6.48E+01
6.48E+01
6.48E+01
6.48E+01
6.48E+01
6.48E+01
6.48E+01
6.48E+01
6.48E+01
6.48E+01
6.94E+01
6.94E+01
6.94E+01
6.94E+01
6.94E+01
6.94E+01
6.94E+01
6.94E+01
6.94E+01
6.94E+01
6.94E+01
6.94E+01
6.94E+01
6.94E+01
6.94E+01
6.94E+01
6.94E+01
6.94E+01
6.94E+01
6.94E+01
6.94E+01
7.40E+01
7.40E+01
7.40E+01
7.40E+01
7.40E+01
7.40E+01
7.40E+01
7.40E+01
7.40E+01
7.40E+01
7.40E+01
7.40E+01
7.40E+01
7.40E+01
7.40E+01
7.40E+01
7.40E+01
7.40E+01
7.40E+01
7.40E+01
7.40E+01
7.85E+01
7.85E+01
7.85E+01
7.85E+01
7.85E+01
7.85E+01
7.85E+01
7.85E+01
7.85E+01
7.85E+01
7.85E+01
7.85E+01
7.85E+01
7.85E+01
7.85E+01
7.85E+01
7.85E+01
7.85E+01
7.85E+01
7.85E+01
7.85E+01
8.31E+01
8.31E+01
8.31E+01
8.31E+01
8.31E+01
8.31E+01
8.31E+01
8.31E+01
8.31E+01
8.31E+01
8.31E+01
8.31E+01
8.31E+01
8.31E+01
8.31E+01
8.31E+01
8.31E+01
8.31E+01
8.31E+01
8.31E+01
8.31E+01
8.76E+01
8.76E+01
8.76E+01
8.76E+01
8.76E+01
8.76E+01
8.76E+01
8.76E+01
8.76E+01
8.76E+01
8.76E+01
8.76E+01
8.76E+01
8.76E+01
8.76E+01
8.76E+01
8.76E+01
8.76E+01
8.76E+01
8.76E+01
8.76E+01
9.22E+01
9.22E+01
9.22E+01
9.22E+01
9.22E+01
9.22E+01
9.22E+01
9.22E+01
9.22E+01
9.22E+01
9.22E+01
9.22E+01
9.22E+01
9.22E+01
9.22E+01
9.22E+01
9.22E+01
9.22E+01
9.22E+01
9.22E+01
9.22E+01
9.68E+01
9.68E+01
9.68E+01
9.68E+01
9.68E+01
9.68E+01
9.68E+01
9.68E+01
9.68E+01
9.68E+01
9.68E+01
9.68E+01
9.68E+01
9.68E+01
9.68E+01
9.68E+01
9.68E+01
9.68E+01
9.68E+01
9.68E+01
9.68E+01
1.01E+02
1.01E+02
1.01E+02
1.01E+02
1.01E+02
1.01E+02
1.01E+02
1.01E+02
1.01E+02
1.01E+02
1.01E+02
1.01E+02
1.01E+02
1.01E+02
1.01E+02
1.01E+02
1.01E+02
1.01E+02
1.01E+02
1.01E+02
1.01E+02
];
tt=[2.00E+02
7.00E+02
9.50E+02
1.20E+03
1.45E+03
1.70E+03
1.95E+03
2.20E+03
2.45E+03
2.70E+03
2.95E+03
3.20E+03
3.45E+03
3.70E+03
3.95E+03
4.20E+03
4.45E+03
4.70E+03
4.95E+03
5.20E+03
2.00E+02
7.00E+02
9.50E+02
1.20E+03
1.45E+03
1.70E+03
1.95E+03
2.20E+03
2.45E+03
2.70E+03
2.95E+03
3.20E+03
3.45E+03
3.70E+03
3.95E+03
4.20E+03
4.45E+03
4.70E+03
4.95E+03
5.20E+03
2.00E+02
4.50E+02
7.00E+02
9.50E+02
1.20E+03
1.45E+03
1.70E+03
1.95E+03
2.20E+03
2.45E+03
2.70E+03
2.95E+03
3.20E+03
3.45E+03
3.70E+03
3.95E+03
4.20E+03
4.45E+03
4.70E+03
4.95E+03
5.20E+03
2.00E+02
4.50E+02
7.00E+02
9.50E+02
1.20E+03
1.45E+03
1.70E+03
1.95E+03
2.20E+03
2.45E+03
2.70E+03
2.95E+03
3.20E+03
3.45E+03
3.70E+03
3.95E+03
4.20E+03
4.45E+03
4.70E+03
4.95E+03
5.20E+03
2.00E+02
4.50E+02
7.00E+02
9.50E+02
1.20E+03
1.45E+03
1.70E+03
1.95E+03
2.20E+03
2.45E+03
2.70E+03
2.95E+03
3.20E+03
3.45E+03
3.70E+03
3.95E+03
4.20E+03
4.45E+03
4.70E+03
4.95E+03
5.20E+03
2.00E+02
4.50E+02
7.00E+02
9.50E+02
1.20E+03
1.45E+03
1.70E+03
1.95E+03
2.20E+03
2.45E+03
2.70E+03
2.95E+03
3.20E+03
3.45E+03
3.70E+03
3.95E+03
4.20E+03
4.45E+03
4.70E+03
4.95E+03
5.20E+03
2.00E+02
4.50E+02
7.00E+02
9.50E+02
1.20E+03
1.45E+03
1.70E+03
1.95E+03
2.20E+03
2.45E+03
2.70E+03
2.95E+03
3.20E+03
3.45E+03
3.70E+03
3.95E+03
4.20E+03
4.45E+03
4.70E+03
4.95E+03
5.20E+03
2.00E+02
4.50E+02
7.00E+02
9.50E+02
1.20E+03
1.45E+03
1.70E+03
1.95E+03
2.20E+03
2.45E+03
2.70E+03
2.95E+03
3.20E+03
3.45E+03
3.70E+03
3.95E+03
4.20E+03
4.45E+03
4.70E+03
4.95E+03
5.20E+03
2.00E+02
4.50E+02
7.00E+02
9.50E+02
1.20E+03
1.45E+03
1.70E+03
1.95E+03
2.20E+03
2.45E+03
2.70E+03
2.95E+03
3.20E+03
3.45E+03
3.70E+03
3.95E+03
4.20E+03
4.45E+03
4.70E+03
4.95E+03
5.20E+03
2.00E+02
4.50E+02
7.00E+02
9.50E+02
1.20E+03
1.45E+03
1.70E+03
1.95E+03
2.20E+03
2.45E+03
2.70E+03
2.95E+03
3.20E+03
3.45E+03
3.70E+03
3.95E+03
4.20E+03
4.45E+03
4.70E+03
4.95E+03
5.20E+03
2.00E+02
4.50E+02
7.00E+02
9.50E+02
1.20E+03
1.45E+03
1.70E+03
1.95E+03
2.20E+03
2.45E+03
2.70E+03
2.95E+03
3.20E+03
3.45E+03
3.70E+03
3.95E+03
4.20E+03
4.45E+03
4.70E+03
4.95E+03
5.20E+03
2.00E+02
4.50E+02
7.00E+02
9.50E+02
1.20E+03
1.45E+03
1.70E+03
1.95E+03
2.20E+03
2.45E+03
2.70E+03
2.95E+03
3.20E+03
3.45E+03
3.70E+03
3.95E+03
4.20E+03
4.45E+03
4.70E+03
4.95E+03
5.20E+03
2.00E+02
4.50E+02
7.00E+02
9.50E+02
1.20E+03
1.45E+03
1.70E+03
1.95E+03
2.20E+03
2.45E+03
2.70E+03
2.95E+03
3.20E+03
3.45E+03
3.70E+03
3.95E+03
4.20E+03
4.45E+03
4.70E+03
4.95E+03
5.20E+03
2.00E+02
4.50E+02
7.00E+02
9.50E+02
1.20E+03
1.45E+03
1.70E+03
1.95E+03
2.20E+03
2.45E+03
2.70E+03
2.95E+03
3.20E+03
3.45E+03
3.70E+03
3.95E+03
4.20E+03
4.45E+03
4.70E+03
4.95E+03
5.20E+03
2.00E+02
4.50E+02
7.00E+02
9.50E+02
1.20E+03
1.45E+03
1.70E+03
1.95E+03
2.20E+03
2.45E+03
2.70E+03
2.95E+03
3.20E+03
3.45E+03
3.70E+03
3.95E+03
4.20E+03
4.45E+03
4.70E+03
4.95E+03
5.20E+03
2.00E+02
4.50E+02
7.00E+02
9.50E+02
1.20E+03
1.45E+03
1.70E+03
1.95E+03
2.20E+03
2.45E+03
2.70E+03
2.95E+03
3.20E+03
3.45E+03
3.70E+03
3.95E+03
4.20E+03
4.45E+03
4.70E+03
4.95E+03
5.20E+03
2.00E+02
4.50E+02
7.00E+02
9.50E+02
1.20E+03
1.45E+03
1.70E+03
1.95E+03
2.20E+03
2.45E+03
2.70E+03
2.95E+03
3.20E+03
3.45E+03
3.70E+03
3.95E+03
4.20E+03
4.45E+03
4.70E+03
4.95E+03
5.20E+03
2.00E+02
4.50E+02
7.00E+02
9.50E+02
1.20E+03
1.45E+03
1.70E+03
1.95E+03
2.20E+03
2.45E+03
2.70E+03
2.95E+03
3.20E+03
3.45E+03
3.70E+03
3.95E+03
4.20E+03
4.45E+03
4.70E+03
4.95E+03
5.20E+03
2.00E+02
4.50E+02
7.00E+02
9.50E+02
1.20E+03
1.45E+03
1.70E+03
1.95E+03
2.20E+03
2.45E+03
2.70E+03
2.95E+03
3.20E+03
3.45E+03
3.70E+03
3.95E+03
4.20E+03
4.45E+03
4.70E+03
4.95E+03
5.20E+03
2.00E+02
4.50E+02
7.00E+02
9.50E+02
1.20E+03
1.45E+03
1.70E+03
1.95E+03
2.20E+03
2.45E+03
2.70E+03
2.95E+03
3.20E+03
3.45E+03
3.70E+03
3.95E+03
4.20E+03
4.45E+03
4.70E+03
4.95E+03
5.20E+03
2.00E+02
4.50E+02
7.00E+02
9.50E+02
1.20E+03
1.45E+03
1.70E+03
1.95E+03
2.20E+03
2.45E+03
2.70E+03
2.95E+03
3.20E+03
3.45E+03
3.70E+03
3.95E+03
4.20E+03
4.45E+03
4.70E+03
4.95E+03
5.20E+03
2.00E+02
4.50E+02
7.00E+02
9.50E+02
1.20E+03
1.45E+03
1.70E+03
1.95E+03
2.20E+03
2.45E+03
2.70E+03
2.95E+03
3.20E+03
3.45E+03
3.70E+03
3.95E+03
4.20E+03
4.45E+03
4.70E+03
4.95E+03
5.20E+03
2.00E+02
4.50E+02
7.00E+02
9.50E+02
1.20E+03
1.45E+03
1.70E+03
1.95E+03
2.20E+03
2.45E+03
2.70E+03
2.95E+03
3.20E+03
3.45E+03
3.70E+03
3.95E+03
4.20E+03
4.45E+03
4.70E+03
4.95E+03
5.20E+03
];
ss=[5.27E+00
1.66E+01
1.75E+01
1.82E+01
1.89E+01
1.94E+01
1.99E+01
2.04E+01
2.09E+01
2.16E+01
2.27E+01
2.45E+01
2.72E+01
3.08E+01
3.44E+01
3.72E+01
3.89E+01
4.00E+01
4.06E+01
4.10E+01
4.84E+00
1.54E+01
1.63E+01
1.71E+01
1.77E+01
1.82E+01
1.87E+01
1.92E+01
1.97E+01
2.02E+01
2.08E+01
2.17E+01
2.30E+01
2.49E+01
2.72E+01
2.99E+01
3.24E+01
3.45E+01
3.59E+01
3.70E+01
4.68E+00
1.38E+01
1.50E+01
1.59E+01
1.66E+01
1.73E+01
1.78E+01
1.83E+01
1.88E+01
1.93E+01
1.97E+01
2.03E+01
2.10E+01
2.20E+01
2.35E+01
2.54E+01
2.76E+01
2.99E+01
3.21E+01
3.38E+01
3.51E+01
4.59E+00
8.96E+00
1.48E+01
1.57E+01
1.64E+01
1.70E+01
1.76E+01
1.81E+01
1.85E+01
1.90E+01
1.94E+01
2.00E+01
2.06E+01
2.15E+01
2.27E+01
2.44E+01
2.63E+01
2.85E+01
3.06E+01
3.24E+01
3.39E+01
4.52E+00
8.89E+00
1.46E+01
1.55E+01
1.62E+01
1.68E+01
1.74E+01
1.79E+01
1.84E+01
1.88E+01
1.92E+01
1.97E+01
2.04E+01
2.12E+01
2.23E+01
2.37E+01
2.55E+01
2.75E+01
2.95E+01
3.14E+01
3.29E+01
4.47E+00
8.84E+00
1.44E+01
1.53E+01
1.61E+01
1.67E+01
1.72E+01
1.77E+01
1.82E+01
1.86E+01
1.91E+01
1.96E+01
2.02E+01
2.09E+01
2.19E+01
2.33E+01
2.49E+01
2.68E+01
2.87E+01
3.05E+01
3.21E+01
4.42E+00
8.79E+00
1.43E+01
1.52E+01
1.59E+01
1.66E+01
1.71E+01
1.76E+01
1.81E+01
1.85E+01
1.90E+01
1.94E+01
2.00E+01
2.07E+01
2.17E+01
2.29E+01
2.44E+01
2.62E+01
2.81E+01
2.99E+01
3.15E+01
4.38E+00
8.75E+00
1.42E+01
1.51E+01
1.58E+01
1.65E+01
1.70E+01
1.75E+01
1.80E+01
1.84E+01
1.89E+01
1.93E+01
1.99E+01
2.05E+01
2.14E+01
2.26E+01
2.41E+01
2.57E+01
2.75E+01
2.93E+01
3.09E+01
4.35E+00
8.72E+00
1.41E+01
1.50E+01
1.57E+01
1.64E+01
1.69E+01
1.74E+01
1.79E+01
1.83E+01
1.88E+01
1.92E+01
1.97E+01
2.04E+01
2.13E+01
2.24E+01
2.37E+01
2.53E+01
2.71E+01
2.88E+01
3.04E+01
4.32E+00
8.69E+00
1.40E+01
1.49E+01
1.57E+01
1.63E+01
1.69E+01
1.74E+01
1.78E+01
1.82E+01
1.87E+01
1.91E+01
1.96E+01
2.03E+01
2.11E+01
2.22E+01
2.35E+01
2.50E+01
2.67E+01
2.84E+01
3.00E+01
4.30E+00
8.67E+00
1.40E+01
1.49E+01
1.56E+01
1.62E+01
1.68E+01
1.73E+01
1.77E+01
1.82E+01
1.86E+01
1.90E+01
1.96E+01
2.02E+01
2.10E+01
2.20E+01
2.32E+01
2.47E+01
2.64E+01
2.80E+01
2.96E+01
4.27E+00
8.64E+00
1.39E+01
1.48E+01
1.55E+01
1.62E+01
1.67E+01
1.72E+01
1.77E+01
1.81E+01
1.85E+01
1.90E+01
1.95E+01
2.01E+01
2.08E+01
2.18E+01
2.30E+01
2.45E+01
2.61E+01
2.77E+01
2.92E+01
4.25E+00
8.62E+00
1.38E+01
1.47E+01
1.55E+01
1.61E+01
1.67E+01
1.72E+01
1.76E+01
1.81E+01
1.85E+01
1.89E+01
1.94E+01
2.00E+01
2.07E+01
2.17E+01
2.29E+01
2.43E+01
2.58E+01
2.74E+01
2.89E+01
4.23E+00
8.60E+00
1.38E+01
1.47E+01
1.54E+01
1.60E+01
1.66E+01
1.71E+01
1.76E+01
1.80E+01
1.84E+01
1.89E+01
1.93E+01
1.99E+01
2.06E+01
2.16E+01
2.27E+01
2.41E+01
2.56E+01
2.71E+01
2.86E+01
4.21E+00
8.58E+00
1.37E+01
1.46E+01
1.54E+01
1.60E+01
1.66E+01
1.71E+01
1.75E+01
1.79E+01
1.84E+01
1.88E+01
1.93E+01
1.98E+01
2.06E+01
2.15E+01
2.26E+01
2.39E+01
2.53E+01
2.69E+01
2.84E+01
4.19E+00
8.56E+00
1.37E+01
1.46E+01
1.53E+01
1.59E+01
1.65E+01
1.70E+01
1.75E+01
1.79E+01
1.83E+01
1.87E+01
1.92E+01
1.98E+01
2.05E+01
2.14E+01
2.24E+01
2.37E+01
2.51E+01
2.67E+01
2.81E+01
4.18E+00
8.55E+00
1.36E+01
1.45E+01
1.53E+01
1.59E+01
1.65E+01
1.70E+01
1.74E+01
1.79E+01
1.83E+01
1.87E+01
1.92E+01
1.97E+01
2.04E+01
2.13E+01
2.23E+01
2.36E+01
2.50E+01
2.64E+01
2.79E+01
4.16E+00
8.53E+00
1.36E+01
1.45E+01
1.52E+01
1.59E+01
1.64E+01
1.69E+01
1.74E+01
1.78E+01
1.82E+01
1.87E+01
1.91E+01
1.97E+01
2.03E+01
2.12E+01
2.22E+01
2.34E+01
2.48E+01
2.63E+01
2.77E+01
4.15E+00
8.52E+00
1.36E+01
1.45E+01
1.52E+01
1.58E+01
1.64E+01
1.69E+01
1.73E+01
1.78E+01
1.82E+01
1.86E+01
1.91E+01
1.96E+01
2.03E+01
2.11E+01
2.21E+01
2.33E+01
2.46E+01
2.61E+01
2.75E+01
4.13E+00
8.50E+00
1.35E+01
1.44E+01
1.52E+01
1.58E+01
1.63E+01
1.68E+01
1.73E+01
1.77E+01
1.82E+01
1.86E+01
1.90E+01
1.96E+01
2.02E+01
2.10E+01
2.20E+01
2.32E+01
2.45E+01
2.59E+01
2.73E+01
4.12E+00
8.49E+00
1.35E+01
1.44E+01
1.51E+01
1.58E+01
1.63E+01
1.68E+01
1.73E+01
1.77E+01
1.81E+01
1.85E+01
1.90E+01
1.95E+01
2.02E+01
2.09E+01
2.19E+01
2.31E+01
2.44E+01
2.58E+01
2.72E+01
4.11E+00
8.48E+00
1.35E+01
1.44E+01
1.51E+01
1.57E+01
1.63E+01
1.68E+01
1.72E+01
1.77E+01
1.81E+01
1.85E+01
1.90E+01
1.95E+01
2.01E+01
2.09E+01
2.18E+01
2.30E+01
2.42E+01
2.56E+01
2.70E+01
4.10E+00
8.47E+00
1.34E+01
1.43E+01
1.51E+01
1.57E+01
1.62E+01
1.67E+01
1.72E+01
1.76E+01
1.80E+01
1.85E+01
1.89E+01
1.94E+01
2.00E+01
2.08E+01
2.18E+01
2.29E+01
2.41E+01
2.55E+01
2.69E+01
];

%temp var
tem=[2.00E+02
8.00E+02
1.10E+03
1.40E+03
1.70E+03
2.00E+03
2.30E+03
2.60E+03
2.90E+03
3.20E+03
3.50E+03
3.80E+03
4.10E+03
4.40E+03
4.70E+03
5.00E+03
2.00E+02
8.00E+02
1.10E+03
1.40E+03
1.70E+03
2.00E+03
2.30E+03
2.60E+03
2.90E+03
3.20E+03
3.50E+03
3.80E+03
4.10E+03
4.40E+03
4.70E+03
5.00E+03
2.00E+02
5.00E+02
8.00E+02
1.10E+03
1.40E+03
1.70E+03
2.00E+03
2.30E+03
2.60E+03
2.90E+03
3.20E+03
3.50E+03
3.80E+03
4.10E+03
4.40E+03
4.70E+03
5.00E+03
2.00E+02
5.00E+02
8.00E+02
1.10E+03
1.40E+03
1.70E+03
2.00E+03
2.30E+03
2.60E+03
2.90E+03
3.20E+03
3.50E+03
3.80E+03
4.10E+03
4.40E+03
4.70E+03
5.00E+03
2.00E+02
5.00E+02
8.00E+02
1.10E+03
1.40E+03
1.70E+03
2.00E+03
2.30E+03
2.60E+03
2.90E+03
3.20E+03
3.50E+03
3.80E+03
4.10E+03
4.40E+03
4.70E+03
5.00E+03
2.00E+02
5.00E+02
8.00E+02
1.10E+03
1.40E+03
1.70E+03
2.00E+03
2.30E+03
2.60E+03
2.90E+03
3.20E+03
3.50E+03
3.80E+03
4.10E+03
4.40E+03
4.70E+03
5.00E+03
2.00E+02
5.00E+02
8.00E+02
1.10E+03
1.40E+03
1.70E+03
2.00E+03
2.30E+03
2.60E+03
2.90E+03
3.20E+03
3.50E+03
3.80E+03
4.10E+03
4.40E+03
4.70E+03
5.00E+03
2.00E+02
5.00E+02
8.00E+02
1.10E+03
1.40E+03
1.70E+03
2.00E+03
2.30E+03
2.60E+03
2.90E+03
3.20E+03
3.50E+03
3.80E+03
4.10E+03
4.40E+03
4.70E+03
5.00E+03
2.00E+02
5.00E+02
8.00E+02
1.10E+03
1.40E+03
1.70E+03
2.00E+03
2.30E+03
2.60E+03
2.90E+03
3.20E+03
3.50E+03
3.80E+03
4.10E+03
4.40E+03
4.70E+03
5.00E+03
2.00E+02
5.00E+02
8.00E+02
1.10E+03
1.40E+03
1.70E+03
2.00E+03
2.30E+03
2.60E+03
2.90E+03
3.20E+03
3.50E+03
3.80E+03
4.10E+03
4.40E+03
4.70E+03
5.00E+03
2.00E+02
5.00E+02
8.00E+02
1.10E+03
1.40E+03
1.70E+03
2.00E+03
2.30E+03
2.60E+03
2.90E+03
3.20E+03
3.50E+03
3.80E+03
4.10E+03
4.40E+03
4.70E+03
5.00E+03
2.00E+02
5.00E+02
8.00E+02
1.10E+03
1.40E+03
1.70E+03
2.00E+03
2.30E+03
2.60E+03
2.90E+03
3.20E+03
3.50E+03
3.80E+03
4.10E+03
4.40E+03
4.70E+03
5.00E+03
2.00E+02
5.00E+02
8.00E+02
1.10E+03
1.40E+03
1.70E+03
2.00E+03
2.30E+03
2.60E+03
2.90E+03
3.20E+03
3.50E+03
3.80E+03
4.10E+03
4.40E+03
4.70E+03
5.00E+03
2.00E+02
5.00E+02
8.00E+02
1.10E+03
1.40E+03
1.70E+03
2.00E+03
2.30E+03
2.60E+03
2.90E+03
3.20E+03
3.50E+03
3.80E+03
4.10E+03
4.40E+03
4.70E+03
5.00E+03
];
pre=[4.05E-01
4.05E-01
4.05E-01
4.05E-01
4.05E-01
4.05E-01
4.05E-01
4.05E-01
4.05E-01
4.05E-01
4.05E-01
4.05E-01
4.05E-01
4.05E-01
4.05E-01
4.05E-01
8.51E+00
8.51E+00
8.51E+00
8.51E+00
8.51E+00
8.51E+00
8.51E+00
8.51E+00
8.51E+00
8.51E+00
8.51E+00
8.51E+00
8.51E+00
8.51E+00
8.51E+00
8.51E+00
1.66E+01
1.66E+01
1.66E+01
1.66E+01
1.66E+01
1.66E+01
1.66E+01
1.66E+01
1.66E+01
1.66E+01
1.66E+01
1.66E+01
1.66E+01
1.66E+01
1.66E+01
1.66E+01
1.66E+01
2.47E+01
2.47E+01
2.47E+01
2.47E+01
2.47E+01
2.47E+01
2.47E+01
2.47E+01
2.47E+01
2.47E+01
2.47E+01
2.47E+01
2.47E+01
2.47E+01
2.47E+01
2.47E+01
2.47E+01
3.28E+01
3.28E+01
3.28E+01
3.28E+01
3.28E+01
3.28E+01
3.28E+01
3.28E+01
3.28E+01
3.28E+01
3.28E+01
3.28E+01
3.28E+01
3.28E+01
3.28E+01
3.28E+01
3.28E+01
4.09E+01
4.09E+01
4.09E+01
4.09E+01
4.09E+01
4.09E+01
4.09E+01
4.09E+01
4.09E+01
4.09E+01
4.09E+01
4.09E+01
4.09E+01
4.09E+01
4.09E+01
4.09E+01
4.09E+01
4.90E+01
4.90E+01
4.90E+01
4.90E+01
4.90E+01
4.90E+01
4.90E+01
4.90E+01
4.90E+01
4.90E+01
4.90E+01
4.90E+01
4.90E+01
4.90E+01
4.90E+01
4.90E+01
4.90E+01
5.71E+01
5.71E+01
5.71E+01
5.71E+01
5.71E+01
5.71E+01
5.71E+01
5.71E+01
5.71E+01
5.71E+01
5.71E+01
5.71E+01
5.71E+01
5.71E+01
5.71E+01
5.71E+01
5.71E+01
6.53E+01
6.53E+01
6.53E+01
6.53E+01
6.53E+01
6.53E+01
6.53E+01
6.53E+01
6.53E+01
6.53E+01
6.53E+01
6.53E+01
6.53E+01
6.53E+01
6.53E+01
6.53E+01
6.53E+01
7.34E+01
7.34E+01
7.34E+01
7.34E+01
7.34E+01
7.34E+01
7.34E+01
7.34E+01
7.34E+01
7.34E+01
7.34E+01
7.34E+01
7.34E+01
7.34E+01
7.34E+01
7.34E+01
7.34E+01
8.15E+01
8.15E+01
8.15E+01
8.15E+01
8.15E+01
8.15E+01
8.15E+01
8.15E+01
8.15E+01
8.15E+01
8.15E+01
8.15E+01
8.15E+01
8.15E+01
8.15E+01
8.15E+01
8.15E+01
8.96E+01
8.96E+01
8.96E+01
8.96E+01
8.96E+01
8.96E+01
8.96E+01
8.96E+01
8.96E+01
8.96E+01
8.96E+01
8.96E+01
8.96E+01
8.96E+01
8.96E+01
8.96E+01
8.96E+01
9.77E+01
9.77E+01
9.77E+01
9.77E+01
9.77E+01
9.77E+01
9.77E+01
9.77E+01
9.77E+01
9.77E+01
9.77E+01
9.77E+01
9.77E+01
9.77E+01
9.77E+01
9.77E+01
9.77E+01
1.06E+02
1.06E+02
1.06E+02
1.06E+02
1.06E+02
1.06E+02
1.06E+02
1.06E+02
1.06E+02
1.06E+02
1.06E+02
1.06E+02
1.06E+02
1.06E+02
1.06E+02
1.06E+02
1.06E+02
];
ent=[5.50E+00
1.76E+01
1.86E+01
1.94E+01
2.00E+01
2.07E+01
2.13E+01
2.21E+01
2.37E+01
2.68E+01
3.17E+01
3.67E+01
3.98E+01
4.13E+01
4.21E+01
4.26E+01
4.73E+00
1.55E+01
1.65E+01
1.73E+01
1.79E+01
1.85E+01
1.91E+01
1.97E+01
2.03E+01
2.12E+01
2.26E+01
2.46E+01
2.73E+01
3.02E+01
3.28E+01
3.47E+01
4.56E+00
9.47E+00
1.51E+01
1.60E+01
1.68E+01
1.75E+01
1.81E+01
1.86E+01
1.92E+01
1.98E+01
2.05E+01
2.16E+01
2.31E+01
2.52E+01
2.76E+01
3.01E+01
3.23E+01
4.46E+00
9.37E+00
1.48E+01
1.58E+01
1.65E+01
1.72E+01
1.78E+01
1.84E+01
1.89E+01
1.94E+01
2.01E+01
2.10E+01
2.24E+01
2.41E+01
2.63E+01
2.86E+01
3.07E+01
4.38E+00
9.29E+00
1.46E+01
1.56E+01
1.63E+01
1.70E+01
1.76E+01
1.82E+01
1.87E+01
1.92E+01
1.99E+01
2.07E+01
2.19E+01
2.35E+01
2.54E+01
2.75E+01
2.96E+01
4.33E+00
9.24E+00
1.44E+01
1.54E+01
1.62E+01
1.69E+01
1.75E+01
1.80E+01
1.85E+01
1.91E+01
1.97E+01
2.05E+01
2.15E+01
2.30E+01
2.48E+01
2.68E+01
2.88E+01
4.28E+00
9.19E+00
1.43E+01
1.53E+01
1.61E+01
1.67E+01
1.73E+01
1.79E+01
1.84E+01
1.89E+01
1.95E+01
2.03E+01
2.13E+01
2.26E+01
2.43E+01
2.62E+01
2.82E+01
4.24E+00
9.15E+00
1.42E+01
1.52E+01
1.60E+01
1.66E+01
1.72E+01
1.78E+01
1.83E+01
1.88E+01
1.94E+01
2.01E+01
2.11E+01
2.23E+01
2.39E+01
2.57E+01
2.76E+01
4.21E+00
9.12E+00
1.41E+01
1.51E+01
1.59E+01
1.65E+01
1.71E+01
1.77E+01
1.82E+01
1.87E+01
1.93E+01
2.00E+01
2.09E+01
2.21E+01
2.36E+01
2.53E+01
2.72E+01
4.18E+00
9.09E+00
1.40E+01
1.50E+01
1.58E+01
1.65E+01
1.71E+01
1.76E+01
1.81E+01
1.86E+01
1.92E+01
1.99E+01
2.07E+01
2.19E+01
2.33E+01
2.50E+01
2.68E+01
4.15E+00
9.06E+00
1.40E+01
1.49E+01
1.57E+01
1.64E+01
1.70E+01
1.75E+01
1.80E+01
1.85E+01
1.91E+01
1.98E+01
2.06E+01
2.17E+01
2.31E+01
2.47E+01
2.64E+01
4.13E+00
9.04E+00
1.39E+01
1.49E+01
1.57E+01
1.63E+01
1.69E+01
1.75E+01
1.80E+01
1.85E+01
1.90E+01
1.97E+01
2.05E+01
2.16E+01
2.29E+01
2.44E+01
2.61E+01
4.11E+00
9.02E+00
1.38E+01
1.48E+01
1.56E+01
1.63E+01
1.69E+01
1.74E+01
1.79E+01
1.84E+01
1.89E+01
1.96E+01
2.04E+01
2.14E+01
2.27E+01
2.42E+01
2.59E+01
4.09E+00
9.00E+00
1.38E+01
1.48E+01
1.55E+01
1.62E+01
1.68E+01
1.74E+01
1.79E+01
1.83E+01
1.89E+01
1.95E+01
2.03E+01
2.13E+01
2.25E+01
2.40E+01
2.56E+01
];

isp=zeros(42,1);
exitP=zeros(42,1);
throatP=zeros(42,1);
pcr=zeros(42,1);
chamberT=zeros(42,1);
mach=zeros(42,1);
pip=zeros(42,1);
tempt=zeros(42,1);
tempe=zeros(42,1);

c=1;
f=fit([x,y],z,'linearinterp'); % sonic
ff=fit([x,y],zz,'linearinterp'); % rho
fff=fit([zzz,y],x,'linearinterp'); % enthalpy
ffff=fit([x,y],zzz,'linearinterp'); % pressure
gg=fit([zzz,y],zz,'linearinterp'); % pressure
enthalpy = fit([tt,pp],hh,'linearinterp');
entropy = fit([tt,pp],ss,'linearinterp');
temperature=fit([pre,ent],tem,'linearinterp');

for Tc=2500:120:5000
% chamber condition
Pc = 90; % Kelvin
of = 5; % oxidizer to fuel ratio
hc = enthalpy(Tc,Pc); %  KJ/KG CEA
sc = entropy(Tc,Pc); % KJ/(KG)(K) CEA
A_star = 0.042;
A_e = 0.9;

% at throat
ha = hc;
tol = 0.001;
n=1;
error=1;
while(true)
son=f(ha,sc);
u = sqrt(2000*abs(hc-ha));
if (-u+son)<0
    break;
end
h = ha-0.1;
ha=h;
n=n+1;
if n>100000
    break;
end
end

rho_star = ff(ha,sc);
son_star = f(ha,sc);
mdot = rho_star*A_star*son_star;
pt=ffff(ha,sc);

v=u;
nn=1;
p=pt;
while(true)
h=fff(p,sc);
v=sqrt(2000*(hc-h));
rho=gg(p,sc);
area=mdot/(rho*v);
if((A_e-area))<0
    break;
end
p=p-0.01;
nn=nn+1;
if nn>50000
    break;
end
end
exitP(c)=p;
throatP(c)=pt;
mach(c)=v/f(h,sc);
isp(c)=v/9.81;
pcr(c)=pt/Pc;
chamberT(c)=Tc;
pip(c)=Pc/p;
c=c+1;
tempt(c)=temperature(pt, sc);
tempe(c)=temperature(p, sc);
end

figure(1)
plot(chamberT, exitP)
title("Exit pressure vs chamber temperature")
xlabel("chamber temperature (K)")
ylabel("Exit Pressure (atm)")
grid on
figure(2)
plot(chamberT, isp)
title("Specific Impulse vs chamber temperature")
xlabel("Chamber temperature (K)")
ylabel("Specific Impulse (s)")
grid on
figure(3)
plot(chamberT, throatP)
title("Throat pressure vs chamber temperature")
xlabel("Chamber temperature (K)")
ylabel("Throat Pressure (atm)")
grid on
figure(4)
plot(chamberT, pcr)
title("Critical Pressure Ratio vs chamber temperature")
xlabel("Chamber temperature (K)")
ylabel("Critical Pressure Ratio")
grid on
figure(5)
plot(chamberT, mach)
title("Mach Number vs chamber temperature")
xlabel("Chamber temperature (K)")
ylabel("Mach Number")
grid on
figure(6)
plot(chamberT, pip)
title("Chamer Pressure/Exit pressure vs chamber temperature")
xlabel("Chamber temperature (K)")
ylabel("P_c/P_e")
grid on
figure(7)
plot(chamberT, tempe(2:43,1))
title("Exit temperature vs chamber temperature")
xlabel("Chamber temperature (K)")
ylabel("Exit temperature (K)")
grid on

figure(8)
plot(chamberT, tempt(2:43,1))
title("Throat temperature vs chamber temperature")
xlabel("Chamber temperature (K)")
ylabel("Throat temperature (K)")
grid on

tempVar=[chamberT(30,1),tempt(30,1),tempe(30,1)]; %chamber temp=4220K
distance=[0,0.73,2.18];
figure(9)
scatter(distance(1),tempVar(1))
hold on
scatter(distance(2),tempVar(2))
hold on
scatter(distance(3),tempVar(3))
hold on
plot(distance,tempVar)
title("Temperature variation along the nozzle")
xlabel("Distance")
ylabel("Temperature (K)")
legend("Chamber", "Throat", "Exit")
grid on
